500 500 10 2000 500
10
50 30 10 5 200 120 75 15 300 90
3
100 100
20 20 20 20 20 20 20 20 20 20
250 250
10 40 5 30 15 10 5 50 25 10
400 120
0 25 0 10 30 50 20 0 5 40
20
450 460
5
0 1 2 3 4
480 300
3
5 5 5
120 340
4
4 4 4 4
200 220
6
1 3 5 7 9 2
150 320
4
0 0 1 1
50 60
2
2 3
300 300
5
7 8 9 0 1
310 310
3
3 3 3
200 100
4
5 6 7 8
210 105
1
9
405 405
3
1 2 1
406 410
2
8 8
120 480
4
0 2 4 6
350 350
3
3 6 9
355 352
5
2 4 6 8 0
420 430
6
1 1 2 2 3 3
422 431
7
0 1 2 3 4 5 6
470 100
2
8 9
472 102
3
7 7 7
